977
162
164
167
126
128
226
228
194
245
259
260
261
275
288
295
296
297
307
352
353
456
457
458
449
452
435
436
18
17
19
9
10
563
2002
871
1318
1309
1311
1303
1297
1302
1800
1801
1419
1433
1434
1460
1435
1351
1348
1859
1864
1620
1355
1290
380
11
1696
50
56
666
734
83
1758
1731
382
1637
1308
1589
470
471
1316
1614
580
827
911
1706
1707
389
541
927
655
1241
1420
818
819
822
823
523
1590
372
665
659
662
1172
1252
782
760
557
527
393
807
854
855
856
858
859
719
933
1209
893
912
725
1243
771
529
384
1558
1759
473
474
1173
726
1089
720
1244
1455
1591
1174
1760
1761
572
543
544
545
1135
721
1592
1593
1190
1616
1212
1215
546
1472
1264
1265
1266
1766
561
787
1711
1639
1625
1568
1559
1560
1523
547
730
1474
1513
874
412
1713
1530
1531
1532
1533
1536
789
774
54
731
1418
1893
1312
802
1556
1617
1440
385
414
386
1626
562
1250
1640
1466
1741
1717
1718
417
1476
554
1719
1181
1676
1666
1604
1478
1479
396
1378
1755
1622
1704
1894
791
791
1557
479
965
283
1981
1951
35
792
1443
1961
1967
37