418,25
417,23
415,26
413,28
412,21
1927,13
1327,22
1605,22
1443,26
666,21
792,17
1907,21
1002,29
285,25
1069,27
284,29
1001,20
1895,19
717,19
1723,21
967,21
1442,17
585,28
1722,17
866,29
579,13
1007,29
1258,19
1067,11
1066,28
1064,11
1062,11
1061,11
1060,12
283,26
479,21
1557,21
791,26
790,25
1621,21
723,28
1894,21
1481,21
1134,16
1480,21
1755,17
1378,21
487,22
396,17
1938,19
1479,21
1441,19
963,20
1198,11
837,11
999,13
836,28
1628,21
1627,21
1478,26
1604,23
1839,19
538,28
633,11
1477,17
1974,23
537,17
1283,23
1181,17
1838,19
1835,19
326,28
716,23
1834,19
478,21
492,16
1377,17
733,19
1719,26
536,24
1520,27
554,26
553,28
997,19
486,24
1476,17
1646,17
732,25
714,29
1640,17
562,21
416,21
1626,17
1465,16
386,21
414,17
395,21
584,28
835,23
834,26
1797,21
376,28
1440,26
15,21
534,16
500,28
1937,26
1768,19
846,19
1936,26
801,29
1312,17
1921,13
1893,17
995,26
1715,19
1714,19
1691,29
994,29
1416,26
984,13
731,17
54,26
1438,19
789,23
53,21
1350,19
477,18
1254,21
1411,19
281,26
1217,28
1475,21
1474,26
664,19
1232,19
667,19
1912,28
1911,11
485,16
1935,20
811,16
1349,21
484,22
1625,21
1712,17
1711,17
843,11
800,19
578,27
1133,16
1739,28
561,17
1473,19
1594,28
841,20
280,29
1472,23
865,29
2012,29
663,21
1710,17
1709,21
1253,19
599,28
632,21
1555,28
1510,21
325,13
394,21
983,12
546,21
1934,19
1884,25
1616,17
1471,19
1038,29
721,21
1185,11
1765,19
1763,19
184,20
1762,19
1229,11
545,21
544,21
543,21
1708,21
1275,24
735,23
1554,21
1470,21
1855,29
573,16
1933,19
572,23
1736,16
571,26
1455,17
475,21
1796,21
1043,13
2021,26
576,28
1042,13
560,28
244,24
1052,28
1173,25
840,11
1469,28
581,11
474,17
473,17
1735,17
1553,28
1200,16
1199,21
593,21
1759,17
1624,19
960,19
1041,13
958,19
1037,29
559,21
1892,28
1058,29
384,21
1931,28
810,16
1429,28
1453,28
528,22
725,18
1132,22
875,21
724,21
704,27
971,21
1623,17
932,23
907,21
906,21
905,21
931,21
904,21
1508,28
1733,23
383,21
542,19
1795,21
868,17
1184,11
2011,11
569,17
1252,25
391,19
1393,21
1507,18
1261,28
1172,21
1171,28
1260,19
1183,11
662,23
665,21
1208,29
1206,25
1205,29
390,19
483,22
656,28
1858,13
1074,22
929,21
1857,13
809,16
1758,25
1615,23
1219,22
1420,21
1970,29
928,26
655,21
927,17
1104,17
389,25
970,17
1506,13
1888,20
1004,23
555,21
1003,29
1856,13
1452,24
1251,20
580,26
920,29
1614,23
1589,26
1046,28
824,21
44,25
38,23
37,26
969,19
43,23
670,19
968,16
35,29
34,24
777,27
966,19
1379,17
1721,21
1704,19
1720,19
722,19
1753,22
900,17
1978,29
1588,20
669,19
1789,21
1257,25
327,28
1180,18
804,29
780,28
803,13
574,16
917,23
775,24
1716,17
1466,23
1250,19
1788,20
385,17
899,21
915,26
1281,23
1617,26
549,21
1439,21
1376,28
802,26
877,19
1437,19
730,21
876,28
729,24
668,19
547,17
1523,26
1559,24
1698,28
1910,19
1550,26
1216,21
32,23
787,17
962,16
1178,21
1370,28
786,28
532,28
1766,17
1226,27
1220,21
1230,19
1592,23
1737,18
1176,17
1761,23
1785,16
1760,21
1160,26
1174,26
727,13
1591,26
1724,13
1244,17
720,17
531,28
726,21
785,18
1909,11
1932,29
1734,18
706,16
529,21
784,19
1209,23
778,23
719,23
869,21
808,26
807,21
806,25
1131,22
1567,28
1024,13
393,17
557,21
783,21
1428,21
495,11
867,21
411,20
782,21
1552,21
1590,25
629,13
1035,29
1106,28
921,29
1794,28
1227,20
118,13
911,26
387,28
471,23
465,24
470,25
1369,23
1757,19
1793,21
493,20
379,28
692,28
1308,17
51,17
50,21
49,21
48,19
64,19
1966,20
1915,11
1981,20
1887,18
1583,13
1579,16
1689,11
1743,18
1651,26
1650,28
1649,28
1648,13
1647,13
736,23
1179,18
1718,17
1717,17
256,21
1575,19
845,21
1418,26
1417,25
583,29
1713,23
1415,17
1414,21
1413,19
1412,20
712,28
1456,18
476,18
1593,23
1764,19
1101,16
1783,16
961,21
959,19
910,28
908,21
870,21
1394,19
1930,29
1929,29
1928,29
1390,17
42,24
381,28
388,17
1889,20
1622,26
690,28
1170,16
1125,24
654,21
1449,19
541,19
1683,12
422,16
1495,19
1774,25
1446,26
511,19
101,19
52,16
1696,21
1167,21
751,26
1366,19
1492,25
46,25
747,24
746,19
275,19
744,16
274,21
636,16
1284,16
13,18
19,26
17,17
10,21
9,19
635,16
566,21
1486,19
1562,19
1770,16
1162,21
1485,22
1071,22
1792,21
1769,19
675,20
847,11
1968,25
1967,17
1965,16
1961,17
1960,26
1959,25
1953,21
1951,20
1950,20
1948,26
1947,20
1945,25
1944,19
1943,25
1914,12
1908,11
1898,21
1897,19
1896,19
1000,20
1068,11
1065,11
1063,11
1886,11
1656,25
964,19
776,25
378,17
738,29
737,29
838,11
2023,28
2022,28
1642,21
1641,21
1522,26
1841,19
1840,19
1521,17
1688,13
1685,11
1684,11
1977,23
1976,23
1975,23
1837,19
1836,19
322,28
1972,29
715,19
891,29
890,29
889,29
1742,26
535,28
998,19
1256,21
377,21
996,29
1585,16
1584,16
1282,23
264,26
263,25
262,25
261,18
260,17
259,21
258,21
257,19
1556,17
1572,21
1549,16
1548,16
1543,19
1542,20
1541,17
1540,17
1539,21
1538,19
992,26
991,25
990,25
989,28
988,28
987,28
986,28
713,17
1464,19
774,23
1536,23
1463,28
1461,18
1434,17
1433,17
1431,21
1430,19
1458,16
740,11
925,26
924,26
1971,29
1010,29
1009,29
1008,29
1409,26
1408,21
1407,21
1406,25
1405,26
1401,20
1419,20
1400,21
1399,19
1398,21
1397,21
1396,19
1513,26
1374,16
1361,17
1359,18
1639,21
799,13
798,13
533,17
1512,19
1310,28
1309,17
1298,28
1315,21
1313,19
1279,16
1266,26
1265,26
1264,26
1263,26
1262,26
1511,23
1259,19
1225,17
1224,23
1223,27
1222,18
1221,23
1215,23
1204,26
1203,21
1202,21
1201,21
1182,19
1177,19
1276,23
1509,21
728,24
1097,25
1094,19
570,28
530,28
1057,26
1056,29
1054,28
469,17
468,17
1048,13
1047,13
598,26
597,26
596,26
1638,19
779,13
1045,13
1027,13
1022,16
1021,22
1020,18
1019,17
375,21
1980,20
982,19
981,17
980,29
979,29
1454,28
944,16
943,22
833,26
923,29
922,29
705,18
901,29
898,27
896,22
895,22
894,22
893,18
972,19
976,16
888,23
887,24
886,27
885,27
1030,11
1029,11
884,20
874,26
883,20
872,26
882,26
871,17
881,17
880,21
860,24
859,24
858,24
857,23
855,26
854,26
853,26
852,25
851,25
526,19
797,11
796,11
794,13
769,19
768,16
1075,22
1242,25
392,19
373,19
793,13
699,20
693,16
1207,26
372,19
1273,23
631,17
600,18
930,26
524,16
523,20
520,17
1979,26
1782,25
499,29
498,11
497,11
1241,26
324,28
320,22
315,28
314,24
313,24
287,18
286,17
296,21
295,21
246,24
245,26
215,16
214,16
213,24
212,24
211,23
210,23
228,26
222,18
221,18
220,17
219,17
218,16
217,16
208,16
207,19
205,16
204,22
203,18
227,18
200,17
226,17
195,16
194,21
556,21
183,28
182,21
181,21
180,26
179,19
826,23
825,26
1240,20
151,16
148,22
147,18
146,18
145,17
144,17
143,21
142,19
141,16
139,24
168,23
167,26
136,25
133,22
132,18
165,18
130,17
163,17
162,21
127,19
126,19
1388,21
1387,21
1386,21
1382,16
1732,19
45,16
1613,25
361,25
688,28
1505,21
1451,21
628,21
627,21
626,21
1169,20
1814,28
1504,29
1503,25
1779,27
519,26
686,16
755,20
1777,19
754,28
1499,26
1448,19
359,23
653,20
1099,16
1344,17
122,16
1367,16
682,17
236,23
7,28
1493,25
21,18
510,21
1729,21
680,29
679,13
1489,16
1444,21
1289,16
1609,28
420,21
1288,16
1164,21
1286,16
1285,16
16,21
1690,29
1163,16
1320,16
743,28
505,28
73,19
742,28
71,16
672,21
741,29
1695,26
1680,21
1098,16
39,25
36,23
1993,11
1988,26
1985,20
1969,25
1040,25
1039,25
1982,20
1055,28
1946,28
1942,17
1941,21
1940,21
1919,11
1918,11
1917,11
1916,11
1905,21
1351,26
1655,28
1654,28
965,21
1756,21
1842,21
1832,26
1829,19
1828,25
1827,25
1826,25
1754,19
1824,16
1801,17
1818,21
1817,19
1798,19
1816,20
1790,18
781,13
1752,23
1749,17
1747,19
1746,20
1693,29
323,28
1652,16
1973,29
1255,21
2016,22
2017,24
2020,16
2019,16
2018,16
1741,17
1620,26
1602,26
916,26
1925,12
1924,29
1923,29
1854,25
1853,28
552,17
551,17
550,21
844,21
1922,13
985,18
582,29
1533,20
1532,17
1531,17
1530,21
1529,21
1528,21
1519,18
1517,16
1524,29
33,23
1467,16
1436,26
1435,25
1432,21
1457,21
739,11
1425,26
1423,21
1422,19
1421,21
282,26
1395,20
1403,20
1402,20
711,21
710,24
548,17
1551,23
1560,23
1569,23
1568,26
1364,24
1363,17
1362,17
1360,18
1358,23
1357,16
1356,24
1355,21
1341,16
788,17
773,17
1787,17
1767,17
1337,16
1336,16
348,22
842,11
914,17
913,21
1245,20
1214,29
1213,25
1212,23
1231,19
1197,26
1196,25
1195,25
1194,12
1193,17
1192,21
1191,21
1190,21
1189,19
1188,21
1187,19
1186,19
2007,20
2006,20
1738,16
1278,24
1586,23
1786,23
1784,21
1175,26
2004,20
2003,20
1095,19
708,17
1353,13
1059,28
1053,28
707,21
1051,22
1833,25
1952,21
595,26
594,21
1558,26
772,18
1026,13
1033,12
1025,26
1852,12
977,19
771,19
1851,11
1850,11
1849,11
1847,11
1846,11
1845,12
1844,12
1843,12
1243,25
957,26
956,25
955,25
954,28
951,19
950,19
949,26
948,25
947,25
946,20
945,28
942,21
941,21
940,21
939,19
938,23
937,26
936,28
935,17
912,17
897,27
975,19
974,19
933,23
770,23
703,23
1031,12
873,28
864,13
863,13
862,13
861,13
839,11
374,17
527,21
558,21
795,11
879,11
878,11
761,21
760,21
590,28
700,21
695,17
652,16
630,26
1391,18
1271,24
1270,24
1269,24
1268,24
568,29
525,19
522,20
521,16
1036,29
1111,28
1044,13
1348,23
1347,28
822,26
821,26
820,18
819,17
818,17
816,21
494,25
830,29
829,29
828,29
472,28
448,24
447,16
446,16
445,20
444,18
443,25
442,16
441,20
440,18
458,17
457,21
437,17
455,21
454,21
453,21
431,19
451,19
450,19
427,20
426,20
410,16
409,23
408,23
407,28
406,21
405,17
404,21
402,21
401,17
399,21
398,20
397,28
368,16
366,17
365,21
353,26
352,17
351,17
350,21
349,21
319,16
316,16
312,27
311,27
309,24
289,23
288,26
300,16
41,26
249,19
247,24
1228,20
232,26
230,26
216,16
178,22
173,24
172,24
170,18
827,23
153,16
150,24
149,23
140,16
166,18
164,17
125,18
362,28
919,26
466,23
1781,19
1815,21
1389,28
109,16
1368,28
329,24
108,16
1126,16
1168,20
1612,28
1697,21
518,26
1295,17
516,25
687,29
1633,17
1325,16
1088,18
1501,16
25,29
685,28
684,28
640,16
1500,21
24,28
514,28
1100,16
103,22
753,29
423,26
1498,21
1108,21
683,13
1497,20
512,17
1494,29
1565,19
1293,26
681,21
1611,17
1564,21
1292,26
191,20
1773,17
1610,21
1381,16
1384,16
1291,19
1727,28
100,16
98,17
1321,18
749,17
748,17
676,23
745,17
1657,21
1287,16
1165,28
1487,16
6,26
18,21
8,16
1807,20
102,20
1629,20
489,16
235,16
23,29
1804,19
503,28
278,25
1235,21
460,16
459,18
1725,21
673,17
1290,17
27,16
1365,21
501,29
1483,17
22,27
1999,17
1998,17
1997,21
1995,19
1994,20
1992,23
1991,23
1990,25
1989,25
1987,28
1986,20
1984,25
1983,25
1958,21
1957,21
1956,21
1955,19
1954,19
1939,19
1906,28
1913,23
1904,21
1903,19
1902,23
1901,26
1900,25
1899,25
1006,26
1885,25
1878,27
1871,18
1870,17
1869,24
1868,17
1866,23
1865,23
1831,28
1830,28
1800,21
1791,16
1034,11
1750,19
1744,19
1703,20
1702,26
1701,17
1700,19
1686,11
1674,22
1670,18
1669,18
1668,17
1667,21
1666,17
1665,18
1664,18
1663,17
1678,21
1660,16
1659,21
926,23
575,16
2013,23
2014,24
1619,21
1618,16
1587,23
1576,29
993,23
1535,17
1534,21
1515,16
1514,16
1740,23
1462,18
1427,20
1426,26
1424,21
1410,17
1404,20
1371,20
1339,16
1329,16
1317,21
1314,19
2009,28
2008,20
2010,25
1248,25
1247,25
1246,19
1211,26
1210,23
1155,16
1153,23
1152,16
1151,23
1150,24
1149,22
1141,16
1140,17
1139,17
1138,24
1137,18
1136,18
1135,21
1096,26
1050,27
1049,16
577,11
1028,11
762,28
496,11
592,28
591,28
702,16
696,16
694,25
659,20
657,16
650,16
648,16
647,16
645,16
644,16
643,16
642,16
903,21
31,24
438,28
436,26
456,21
452,26
449,25
403,21
400,21
382,25
370,16
367,25
364,16
380,26
318,16
317,16
290,23
306,18
305,16
301,16
299,18
298,16
297,21
1891,20
1890,20
248,26
243,16
242,16
241,16
240,16
239,16
224,24
223,24
206,16
202,18
199,17
176,16
171,27
159,18
158,18
157,17
156,17
155,21
1128,20
1637,25
814,18
1636,26
1635,21
1634,21
759,26
689,28
89,16
758,28
26,23
517,25
1812,16
1294,17
1073,18
1237,26
461,16
124,16
513,19
1447,20
540,18
1775,28
752,16
1644,24
1643,18
1324,24
1809,20
1728,26
358,21
1121,16
909,21
678,23
421,19
20,16
1863,21
14,16
1119,16
1862,16
1772,23
1861,16
1072,16
1118,16
567,27
11,17
354,21
1630,16
564,18
1236,20
233,16
674,17
119,25
1319,16
95,16
94,16
671,24
1964,21
1963,21
1877,22
1876,18
1874,16
1873,17
1872,21
1864,25
1825,28
1745,16
1692,23
1687,12
1673,24
1672,23
1677,23
1679,18
1676,17
1599,25
1598,25
1596,26
1595,26
1580,18
1537,16
1525,28
1460,17
1459,21
1375,25
1373,19
1334,16
1333,16
1332,16
1330,16
1307,16
1306,16
1305,16
1304,24
1311,23
1318,26
1301,25
1300,28
1299,17
1297,21
1296,19
1280,26
1158,16
1277,23
709,24
1112,18
1102,16
1093,18
1092,23
1084,16
1083,18
1082,23
1080,16
1091,18
1090,22
1077,21
1013,16
1012,16
978,25
973,19
850,26
767,29
766,29
765,29
764,29
763,29
698,20
697,16
661,25
660,19
658,20
651,16
649,16
646,16
1274,23
587,11
40,24
815,21
371,25
369,16
321,28
303,18
302,17
272,26
271,11
270,11
269,11
268,11
267,11
266,11
265,26
277,17
276,17
1705,21
279,26
209,26
201,18
198,17
225,21
175,16
174,16
169,18
154,20
138,23
137,26
134,26
131,18
129,17
128,21
691,19
1658,24
107,16
1346,26
1780,27
1778,27
294,28
1450,26
1267,23
1547,24
1546,18
1544,17
1345,21
1632,19
1645,16
1123,16
69,16
123,22
238,22
1107,28
1810,16
1631,21
229,16
1166,28
1490,21
1120,16
490,16
1488,29
677,23
812,21
1808,19
1694,29
1771,29
1383,16
1070,22
1803,28
1115,16
93,17
92,17
1802,25
1920,11
1926,11
1883,27
1882,24
1881,24
1860,23
1879,26
1875,16
1859,17
734,26
1823,18
1822,17
1799,25
1748,21
1699,23
1661,16
1582,13
1581,28
1526,29
1570,23
1342,16
1340,16
1335,16
1331,16
1326,16
1249,21
1154,23
1159,16
1157,17
1156,18
117,22
1105,18
1113,18
1103,16
1023,17
1018,18
1017,16
1016,23
1015,16
1014,16
1011,16
918,21
1032,28
832,23
1272,24
625,11
624,11
623,12
622,12
620,11
617,11
616,12
615,12
614,12
613,11
612,11
611,11
610,12
609,12
608,21
607,21
606,21
605,20
604,26
603,25
602,21
601,21
2001,26
589,28
588,28
817,21
439,17
435,21
434,21
433,21
430,19
429,19
347,22
342,24
341,24
308,23
307,26
335,18
334,17
330,21
1707,26
1706,25
231,26
135,21
1239,25
491,16
464,21
424,13
1238,19
88,16
1776,29
1545,23
539,17
237,18
1566,21
1468,21
639,16
99,21
1385,26
1806,26
502,16
1116,16
1561,26
1233,21
1338,16
563,17
1996,19
1962,21
1821,21
1751,26
1681,19
1662,21
1372,16
1148,26
1147,19
1146,23
1145,18
1144,22
1143,16
1142,16
1127,24
1089,17
1848,11
701,26
641,16
621,11
619,11
1392,28
467,16
432,26
428,25
363,26
346,16
340,27
310,23
333,16
115,16
114,16
113,16
112,16
1675,24
106,16
105,16
1730,29
1496,24
1122,16
1343,28
1491,20
638,16
1322,16
1117,16
234,16
634,16
1805,28
480,22
1682,19
1671,23
2015,24
1518,28
1303,23
1302,26
1086,18
1085,23
1081,18
1079,18
1078,22
1076,18
856,26
831,29
618,11
345,16
344,16
332,18
331,21
273,12
197,21
196,28
111,16
110,16
1731,21
104,16
1813,28
1811,13
813,28
1445,16
1323,16
750,28
509,28
1608,23
1218,22
1484,16
1880,23
1653,16
902,11
1114,18
1087,27
849,23
848,26
823,26
293,23
1354,25
1820,25
255,26
254,26
253,25
252,13
251,28
250,11
116,16
2005,24
1234,21
2002,26
1124,16
637,16
481,16
357,16
188,16
1161,16
2024,23
47,19
328,16
1819,26
1516,16
1316,21
1867,16
1110,28
506,18
96,16
161,16
160,26
482,16
1527,16
29,16
78,19
77,16
76,21
75,19
30,29
1563,19
504,25
1574,29
953,19
952,19
934,19
1577,26
360,29
67,16
292,24
356,26
355,21
1603,25
1601,25
1578,26
1573,27
1571,19
343,16
339,27
338,24
337,23
336,26
718,19
74,16
70,16
59,16
190,16
508,23
4,16
1726,22
515,17
68,25
65,19
5,19
1607,21
507,24
72,16
291,18
565,18
419,17
193,16
84,29
83,20
60,25
57,19
56,19
152,26
28,27
86,20
79,20
1130,22
61,19
97,16
187,21
186,21
185,16
757,28
87,16
82,20
81,20
62,20
66,25
121,23
3,24
2,24
2000,17
1,22
177,20
425,25
756,28
85,20
80,20
58,25
120,25
1600,25
1597,26
189,16
12,23
1502,19
192,22
1482,16
63,16